1926,0,1,0
1926,0,2,0
1926,0,3,1
1926,0,4,0
1926,0,5,1
1926,0,6,0
1926,0,7,1
1926,0,8,1
1926,0,9,0
1926,0,10,1
1926,0,11,1
1926,0,12,0
1927,0,1,1
1927,0,2,0
1927,0,3,0
1927,0,4,1
1927,0,5,0
1927,0,6,1
1927,0,7,0
1927,0,8,1
1927,0,9,0
1927,0,10,1
1927,0,11,1
1927,0,12,1
1928,0,1,0
1928,0,2,1
1928,1,2,0
1928,0,3,0
1928,0,4,1
1928,0,5,0
1928,0,6,0
1928,0,7,1
1928,0,8,0
1928,0,9,1
1928,0,10,1
1928,0,11,1
1928,0,12,1
1929,0,1,0
1929,0,2,1
1929,0,3,0
1929,0,4,0
1929,0,5,1
1929,0,6,0
1929,0,7,0
1929,0,8,1
1929,0,9,0
1929,0,10,1
1929,0,11,1
1929,0,12,1
1930,0,1,0
1930,0,2,1
1930,0,3,1
1930,0,4,0
1930,0,5,0
1930,0,6,1
1930,1,6,0
1930,0,7,0
1930,0,8,1
1930,0,9,0
1930,0,10,1
1930,0,11,1
1930,0,12,0
1931,0,1,1
1931,0,2,1
1931,0,3,0
1931,0,4,1
1931,0,5,0
1931,0,6,1
1931,0,7,0
1931,0,8,0
1931,0,9,1
1931,0,10,0
1931,0,11,1
1931,0,12,0
1932,0,1,1
1932,0,2,1
1932,0,3,1
1932,0,4,0
1932,0,5,1
1932,0,6,0
1932,0,7,1
1932,0,8,0
1932,0,9,0
1932,0,10,1
1932,0,11,0
1932,0,12,1
1933,0,1,0
1933,0,2,1
1933,0,3,1
1933,0,4,0
1933,0,5,1
1933,1,5,0
1933,0,6,1
1933,0,7,1
1933,0,8,0
1933,0,9,1
1933,0,10,0
1933,0,11,0
1933,0,12,1
1934,0,1,0
1934,0,2,1
1934,0,3,0
1934,0,4,1
1934,0,5,1
1934,0,6,0
1934,0,7,1
1934,0,8,0
1934,0,9,1
1934,0,10,1
1934,0,11,0
1934,0,12,1
1935,0,1,0
1935,0,2,0
1935,0,3,1
1935,0,4,0
1935,0,5,1
1935,0,6,0
1935,0,7,1
1935,0,8,1
1935,0,9,0
1935,0,10,1
1935,0,11,1
1935,0,12,0
1936,0,1,1
1936,0,2,0
1936,0,3,0
1936,1,3,1
1936,0,4,0
1936,0,5,0
1936,0,6,1
1936,0,7,1
1936,0,8,0
1936,0,9,1
1936,0,10,1
1936,0,11,1
1936,0,12,0
1937,0,1,1
1937,0,2,0
1937,0,3,0
1937,0,4,1
1937,0,5,0
1937,0,6,0
1937,0,7,1
1937,0,8,0
1937,0,9,1
1937,0,10,1
1937,0,11,1
1937,0,12,0
1938,0,1,1
1938,0,2,1
1938,0,3,0
1938,0,4,0
1938,0,5,1
1938,0,6,0
1938,0,7,0
1938,1,7,1
1938,0,8,0
1938,0,9,1
1938,0,10,1
1938,0,11,0
1938,0,12,1
1939,0,1,1
1939,0,2,1
1939,0,3,0
1939,0,4,0
1939,0,5,1
1939,0,6,0
1939,0,7,0
1939,0,8,1
1939,0,9,0
1939,0,10,1
1939,0,11,0
1939,0,12,1
1940,0,1,1
1940,0,2,1
1940,0,3,0
1940,0,4,1
1940,0,5,0
1940,0,6,1
1940,0,7,0
1940,0,8,0
1940,0,9,1
1940,0,10,0
1940,0,11,1
1940,0,12,0
1941,0,1,1
1941,0,2,1
1941,0,3,0
1941,0,4,1
1941,0,5,1
1941,0,6,0
1941,1,6,1
1941,0,7,0
1941,0,8,0
1941,0,9,1
1941,0,10,0
1941,0,11,1
1941,0,12,0
1942,0,1,1
1942,0,2,0
1942,0,3,1
1942,0,4,1
1942,0,5,0
1942,0,6,1
1942,0,7,0
1942,0,8,1
1942,0,9,0
1942,0,10,1
1942,0,11,0
1942,0,12,1
1943,0,1,0
1943,0,2,1
1943,0,3,0
1943,0,4,1
1943,0,5,0
1943,0,6,1
1943,0,7,1
1943,0,8,0
1943,0,9,1
1943,0,10,0
1943,0,11,1
1943,0,12,0
1944,0,1,1
1944,0,2,0
1944,0,3,1
1944,0,4,0
1944,1,4,1
1944,0,5,0
1944,0,6,1
1944,0,7,0
1944,0,8,1
1944,0,9,1
1944,0,10,0
1944,0,11,1
1944,0,12,1
1945,0,1,0
1945,0,2,0
1945,0,3,1
1945,0,4,0
1945,0,5,0
1945,0,6,1
1945,0,7,0
1945,0,8,1
1945,0,9,1
1945,0,10,1
1945,0,11,0
1945,0,12,1
1946,0,1,1
1946,0,2,0
1946,0,3,0
1946,0,4,1
1946,0,5,0
1946,0,6,0
1946,0,7,1
1946,0,8,0
1946,0,9,1
1946,0,10,1
1946,0,11,0
1946,0,12,1
1947,0,1,1
1947,0,2,1
1947,1,2,0
1947,0,3,0
1947,0,4,1
1947,0,5,0
1947,0,6,0
1947,0,7,1
1947,0,8,0
1947,0,9,1
1947,0,10,0
1947,0,11,1
1947,0,12,1
1948,0,1,1
1948,0,2,0
1948,0,3,1
1948,0,4,0
1948,0,5,1
1948,0,6,0
1948,0,7,0
1948,0,8,1
1948,0,9,0
1948,0,10,1
1948,0,11,0
1948,0,12,1
1949,0,1,1
1949,0,2,0
1949,0,3,1
1949,0,4,1
1949,0,5,0
1949,0,6,1
1949,0,7,0
1949,1,7,0
1949,0,8,1
1949,0,9,0
1949,0,10,1
1949,0,11,0
1949,0,12,1
1950,0,1,0
1950,0,2,1
1950,0,3,1
1950,0,4,0
1950,0,5,1
1950,0,6,1
1950,0,7,0
1950,0,8,0
1950,0,9,1
1950,0,10,0
1950,0,11,1
1950,0,12,0
1951,0,1,1
1951,0,2,0
1951,0,3,1
1951,0,4,1
1951,0,5,0
1951,0,6,1
1951,0,7,0
1951,0,8,1
1951,0,9,0
1951,0,10,1
1951,0,11,0
1951,0,12,1
1952,0,1,0
1952,0,2,1
1952,0,3,0
1952,1,3,1
1952,0,4,0
1952,0,5,1
1952,0,6,0
1952,0,7,1
1952,0,8,1
1952,0,9,0
1952,0,10,1
1952,0,11,0
1952,0,12,1
1953,0,1,0
1953,0,2,1
1953,0,3,0
1953,0,4,0
1953,0,5,1
1953,0,6,0
1953,0,7,1
1953,0,8,1
1953,0,9,1
1953,0,10,0
1953,0,11,1
1953,0,12,0
1954,0,1,1
1954,0,2,0
1954,0,3,1
1954,0,4,0
1954,0,5,0
1954,0,6,1
1954,0,7,0
1954,0,8,1
1954,0,9,1
1954,0,10,0
1954,0,11,1
1954,0,12,1
1955,0,1,0
1955,0,2,1
1955,0,3,0
1955,1,3,1
1955,0,4,0
1955,0,5,0
1955,0,6,1
1955,0,7,0
1955,0,8,1
1955,0,9,0
1955,0,10,1
1955,0,11,1
1955,0,12,1
1956,0,1,0
1956,0,2,1
1956,0,3,0
1956,0,4,1
1956,0,5,0
1956,0,6,0
1956,0,7,1
1956,0,8,0
1956,0,9,1
1956,0,10,0
1956,0,11,1
1956,0,12,1
1957,0,1,1
1957,0,2,0
1957,0,3,1
1957,0,4,0
1957,0,5,1
1957,0,6,0
1957,0,7,0
1957,0,8,1
1957,1,8,0
1957,0,9,1
1957,0,10,0
1957,0,11,1
1957,0,12,0
1958,0,1,1
1958,0,2,1
1958,0,3,1
1958,0,4,0
1958,0,5,1
1958,0,6,0
1958,0,7,0
1958,0,8,1
1958,0,9,0
1958,0,10,1
1958,0,11,0
1958,0,12,1
1959,0,1,0
1959,0,2,1
1959,0,3,1
1959,0,4,0
1959,0,5,1
1959,0,6,0
1959,0,7,1
1959,0,8,0
1959,0,9,1
1959,0,10,0
1959,0,11,1
1959,0,12,0
1960,0,1,1
1960,0,2,0
1960,0,3,1
1960,0,4,0
1960,0,5,1
1960,0,6,1
1960,1,6,0
1960,0,7,1
1960,0,8,0
1960,0,9,1
1960,0,10,0
1960,0,11,1
1960,0,12,0
1961,0,1,1
1961,0,2,0
1961,0,3,1
1961,0,4,0
1961,0,5,1
1961,0,6,0
1961,0,7,1
1961,0,8,1
1961,0,9,0
1961,0,10,1
1961,0,11,0
1961,0,12,1
1962,0,1,0
1962,0,2,1
1962,0,3,0
1962,0,4,0
1962,0,5,1
1962,0,6,0
1962,0,7,1
1962,0,8,1
1962,0,9,0
1962,0,10,1
1962,0,11,1
1962,0,12,0
1963,0,1,1
1963,0,2,0
1963,0,3,1
1963,0,4,0
1963,1,4,0
1963,0,5,1
1963,0,6,0
1963,0,7,1
1963,0,8,0
1963,0,9,1
1963,0,10,1
1963,0,11,1
1963,0,12,0
1964,0,1,1
1964,0,2,0
1964,0,3,1
1964,0,4,0
1964,0,5,0
1964,0,6,1
1964,0,7,0
1964,0,8,1
1964,0,9,0
1964,0,10,1
1964,0,11,1
1964,0,12,1
1965,0,1,0
1965,0,2,1
1965,0,3,0
1965,0,4,1
1965,0,5,0
1965,0,6,0
1965,0,7,1
1965,0,8,0
1965,0,9,0
1965,0,10,1
1965,0,11,1
1965,0,12,0
1966,0,1,1
1966,0,2,1
1966,0,3,1
1966,1,3,0
1966,0,4,1
1966,0,5,0
1966,0,6,0
1966,0,7,1
1966,0,8,0
1966,0,9,0
1966,0,10,1
1966,0,11,1
1966,0,12,0
1967,0,1,1
1967,0,2,1
1967,0,3,0
1967,0,4,1
1967,0,5,1
1967,0,6,0
1967,0,7,0
1967,0,8,1
1967,0,9,0
1967,0,10,1
1967,0,11,0
1967,0,12,1
1968,0,1,0
1968,0,2,1
1968,0,3,0
1968,0,4,1
1968,0,5,1
1968,0,6,0
1968,0,7,1
1968,1,7,0
1968,0,8,1
1968,0,9,0
1968,0,10,1
1968,0,11,0
1968,0,12,1
1969,0,1,0
1969,0,2,1
1969,0,3,0
1969,0,4,1
1969,0,5,0
1969,0,6,1
1969,0,7,1
1969,0,8,0
1969,0,9,1
1969,0,10,0
1969,0,11,1
1969,0,12,0
1970,0,1,1
1970,0,2,0
1970,0,3,0
1970,0,4,1
1970,0,5,0
1970,0,6,1
1970,0,7,1
1970,0,8,0
1970,0,9,1
1970,0,10,1
1970,0,11,0
1970,0,12,1
1971,0,1,0
1971,0,2,1
1971,0,3,0
1971,0,4,0
1971,0,5,1
1971,1,5,0
1971,0,6,1
1971,0,7,0
1971,0,8,1
1971,0,9,1
1971,0,10,1
1971,0,11,0
1971,0,12,1
1972,0,1,0
1972,0,2,1
1972,0,3,0
1972,0,4,0
1972,0,5,1
1972,0,6,0
1972,0,7,1
1972,0,8,0
1972,0,9,1
1972,0,10,1
1972,0,11,0
1972,0,12,1
1973,0,1,1
1973,0,2,0
1973,0,3,1
1973,0,4,0
1973,0,5,0
1973,0,6,1
1973,0,7,0
1973,0,8,0
1973,0,9,1
1973,0,10,1
1973,0,11,0
1973,0,12,1
1974,0,1,1
1974,0,2,1
1974,0,3,0
1974,0,4,1
1974,1,4,0
1974,0,5,0
1974,0,6,1
1974,0,7,0
1974,0,8,0
1974,0,9,1
1974,0,10,1
1974,0,11,0
1974,0,12,1
1975,0,1,1
1975,0,2,1
1975,0,3,0
1975,0,4,1
1975,0,5,0
1975,0,6,0
1975,0,7,1
1975,0,8,0
1975,0,9,0
1975,0,10,1
1975,0,11,0
1975,0,12,1
1976,0,1,1
1976,0,2,1
1976,0,3,0
1976,0,4,1
1976,0,5,0
1976,0,6,1
1976,0,7,0
1976,0,8,1
1976,1,8,0
1976,0,9,0
1976,0,10,1
1976,0,11,0
1976,0,12,1
1977,0,1,1
1977,0,2,0
1977,0,3,1
1977,0,4,1
1977,0,5,0
1977,0,6,1
1977,0,7,0
1977,0,8,1
1977,0,9,0
1977,0,10,1
1977,0,11,0
1977,0,12,0
1978,0,1,1
1978,0,2,0
1978,0,3,1
1978,0,4,1
1978,0,5,0
1978,0,6,1
1978,0,7,1
1978,0,8,0
1978,0,9,1
1978,0,10,0
1978,0,11,1
1978,0,12,0
1979,0,1,1
1979,0,2,0
1979,0,3,0
1979,0,4,1
1979,0,5,0
1979,0,6,1
1979,1,6,1
1979,0,7,0
1979,0,8,1
1979,0,9,1
1979,0,10,0
1979,0,11,1
1979,0,12,0
1980,0,1,1
1980,0,2,0
1980,0,3,0
1980,0,4,1
1980,0,5,0
1980,0,6,1
1980,0,7,0
1980,0,8,1
1980,0,9,1
1980,0,10,0
1980,0,11,1
1980,0,12,1
1981,0,1,0
1981,0,2,1
1981,0,3,0
1981,0,4,0
1981,0,5,1
1981,0,6,0
1981,0,7,0
1981,0,8,1
1981,0,9,1
1981,0,10,0
1981,0,11,1
1981,0,12,1
1982,0,1,1
1982,0,2,0
1982,0,3,1
1982,0,4,0
1982,1,4,0
1982,0,5,1
1982,0,6,0
1982,0,7,0
1982,0,8,1
1982,0,9,0
1982,0,10,1
1982,0,11,1
1982,0,12,1
1983,0,1,1
1983,0,2,0
1983,0,3,1
1983,0,4,0
1983,0,5,0
1983,0,6,1
1983,0,7,0
1983,0,8,0
1983,0,9,1
1983,0,10,0
1983,0,11,1
1983,0,12,1
1984,0,1,1
1984,0,2,0
1984,0,3,1
1984,0,4,1
1984,0,5,0
1984,0,6,0
1984,0,7,1
1984,0,8,0
1984,0,9,0
1984,0,10,1
1984,1,10,0
1984,0,11,1
1984,0,12,1
1985,0,1,0
1985,0,2,1
1985,0,3,1
1985,0,4,0
1985,0,5,1
1985,0,6,0
1985,0,7,1
1985,0,8,0
1985,0,9,0
1985,0,10,1
1985,0,11,0
1985,0,12,1
1986,0,1,0
1986,0,2,1
1986,0,3,1
1986,0,4,0
1986,0,5,1
1986,0,6,1
1986,0,7,0
1986,0,8,1
1986,0,9,0
1986,0,10,1
1986,0,11,0
1986,0,12,0
1987,0,1,1
1987,0,2,0
1987,0,3,1
1987,0,4,0
1987,0,5,1
1987,0,6,1
1987,1,6,0
1987,0,7,1
1987,0,8,1
1987,0,9,0
1987,0,10,1
1987,0,11,0
1987,0,12,0
1988,0,1,1
1988,0,2,0
1988,0,3,1
1988,0,4,0
1988,0,5,1
1988,0,6,0
1988,0,7,1
1988,0,8,1
1988,0,9,0
1988,0,10,1
1988,0,11,1
1988,0,12,0
1989,0,1,1
1989,0,2,0
1989,0,3,0
1989,0,4,1
1989,0,5,0
1989,0,6,1
1989,0,7,0
1989,0,8,1
1989,0,9,0
1989,0,10,1
1989,0,11,1
1989,0,12,1
1990,0,1,0
1990,0,2,1
1990,0,3,0
1990,0,4,0
1990,0,5,1
1990,1,5,0
1990,0,6,0
1990,0,7,1
1990,0,8,0
1990,0,9,1
1990,0,10,1
1990,0,11,1
1990,0,12,1
1991,0,1,0
1991,0,2,1
1991,0,3,0
1991,0,4,0
1991,0,5,1
1991,0,6,0
1991,0,7,0
1991,0,8,1
1991,0,9,0
1991,0,10,1
1991,0,11,1
1991,0,12,1
1992,0,1,0
1992,0,2,1
1992,0,3,1
1992,0,4,0
1992,0,5,0
1992,0,6,1
1992,0,7,0
1992,0,8,0
1992,0,9,1
1992,0,10,0
1992,0,11,1
1992,0,12,1
1993,0,1,0
1993,0,2,1
1993,0,3,1
1993,1,3,0
1993,0,4,1
1993,0,5,0
1993,0,6,1
1993,0,7,0
1993,0,8,0
1993,0,9,1
1993,0,10,0
1993,0,11,1
1993,0,12,0
1994,0,1,1
1994,0,2,1
1994,0,3,1
1994,0,4,0
1994,0,5,1
1994,0,6,0
1994,0,7,1
1994,0,8,0
1994,0,9,0
1994,0,10,1
1994,0,11,0
1994,0,12,1
1995,0,1,0
1995,0,2,1
1995,0,3,1
1995,0,4,0
1995,0,5,1
1995,0,6,0
1995,0,7,1
1995,0,8,1
1995,1,8,0
1995,0,9,0
1995,0,10,1
1995,0,11,0
1995,0,12,1
1996,0,1,0
1996,0,2,1
1996,0,3,0
1996,0,4,1
1996,0,5,1
1996,0,6,0
1996,0,7,1
1996,0,8,0
1996,0,9,1
1996,0,10,1
1996,0,11,0
1996,0,12,0
1997,0,1,1
1997,0,2,0
1997,0,3,1
1997,0,4,0
1997,0,5,1
1997,0,6,0
1997,0,7,1
1997,0,8,1
1997,0,9,0
1997,0,10,1
1997,0,11,1
1997,0,12,0
1998,0,1,1
1998,0,2,0
1998,0,3,0
1998,0,4,1
1998,0,5,0
1998,1,5,0
1998,0,6,1
1998,0,7,1
1998,0,8,0
1998,0,9,1
1998,0,10,1
1998,0,11,0
1998,0,12,1
1999,0,1,1
1999,0,2,0
1999,0,3,0
1999,0,4,1
1999,0,5,0
1999,0,6,0
1999,0,7,1
1999,0,8,0
1999,0,9,1
1999,0,10,1
1999,0,11,1
1999,0,12,0
2000,0,1,1
2000,0,2,1
2000,0,3,0
2000,0,4,0
2000,0,5,1
2000,0,6,0
2000,0,7,0
2000,0,8,1
2000,0,9,0
2000,0,10,1
2000,0,11,1
2000,0,12,0
2001,0,1,1
2001,0,2,1
2001,0,3,0
2001,0,4,1
2001,1,4,0
2001,0,5,1
2001,0,6,0
2001,0,7,0
2001,0,8,1
2001,0,9,0
2001,0,10,1
2001,0,11,0
2001,0,12,1
2002,0,1,1
2002,0,2,1
2002,0,3,0
2002,0,4,1
2002,0,5,0
2002,0,6,1
2002,0,7,0
2002,0,8,0
2002,0,9,1
2002,0,10,0
2002,0,11,1
2002,0,12,0
2003,0,1,1
2003,0,2,1
2003,0,3,0
2003,0,4,1
2003,0,5,1
2003,0,6,0
2003,0,7,1
2003,0,8,0
2003,0,9,0
2003,0,10,1
2003,0,11,0
2003,0,12,1
2004,0,1,0
2004,0,2,1
2004,1,2,0
2004,0,3,1
2004,0,4,1
2004,0,5,0
2004,0,6,1
2004,0,7,0
2004,0,8,1
2004,0,9,0
2004,0,10,1
2004,0,11,0
2004,0,12,1
2005,0,1,0
2005,0,2,1
2005,0,3,0
2005,0,4,1
2005,0,5,0
2005,0,6,1
2005,0,7,1
2005,0,8,0
2005,0,9,1
2005,0,10,0
2005,0,11,1
2005,0,12,0
2006,0,1,1
2006,0,2,0
2006,0,3,1
2006,0,4,0
2006,0,5,1
2006,0,6,0
2006,0,7,1
2006,1,7,0
2006,0,8,1
2006,0,9,1
2006,0,10,0
2006,0,11,1
2006,0,12,1
2007,0,1,0
2007,0,2,0
2007,0,3,1
2007,0,4,0
2007,0,5,0
2007,0,6,1
2007,0,7,0
2007,0,8,1
2007,0,9,1
2007,0,10,1
2007,0,11,0
2007,0,12,1
2008,0,1,1
2008,0,2,0
2008,0,3,0
2008,0,4,1
2008,0,5,0
2008,0,6,0
2008,0,7,1
2008,0,8,0
2008,0,9,1
2008,0,10,1
2008,0,11,0
2008,0,12,1
2009,0,1,1
2009,0,2,1
2009,0,3,0
2009,0,4,0
2009,0,5,1
2009,1,5,0
2009,0,6,0
2009,0,7,1
2009,0,8,0
2009,0,9,1
2009,0,10,0
2009,0,11,1
2009,0,12,1
2010,0,1,1
2010,0,2,0
2010,0,3,1
2010,0,4,0
2010,0,5,1
2010,0,6,0
2010,0,7,0
2010,0,8,1
2010,0,9,0
2010,0,10,1
2010,0,11,0
2010,0,12,1
2011,0,1,1
2011,0,2,0
2011,0,3,1
2011,0,4,1
2011,0,5,0
2011,0,6,1
2011,0,7,0
2011,0,8,0
2011,0,9,1
2011,0,10,0
2011,0,11,1
2011,0,12,0
2012,0,1,1
2012,0,2,0
2012,0,3,1
2012,0,4,1
2012,1,4,0
2012,0,5,1
2012,0,6,0
2012,0,7,1
2012,0,8,0
2012,0,9,1
2012,0,10,0
2012,0,11,1
2012,0,12,0
2013,0,1,1
2013,0,2,0
2013,0,3,1
2013,0,4,0
2013,0,5,1
2013,0,6,1
2013,0,7,0
2013,0,8,1
2013,0,9,0
2013,0,10,1
2013,0,11,0
2013,0,12,1
2014,0,1,0
2014,0,2,1
2014,0,3,0
2014,0,4,1
2014,0,5,0
2014,0,6,1
2014,0,7,0
2014,0,8,1
2014,0,9,1
2014,1,9,0
2014,0,10,1
2014,0,11,0
2014,0,12,1
2015,0,1,0
2015,0,2,1
2015,0,3,0
2015,0,4,0
2015,0,5,1
2015,0,6,0
2015,0,7,1
2015,0,8,1
2015,0,9,1
2015,0,10,0
2015,0,11,1
2015,0,12,0
2016,0,1,1
2016,0,2,0
2016,0,3,1
2016,0,4,0
2016,0,5,0
2016,0,6,1
2016,0,7,0
2016,0,8,1
2016,0,9,1
2016,0,10,0
2016,0,11,1
2016,0,12,1
2017,0,1,0
2017,0,2,1
2017,0,3,0
2017,0,4,1
2017,0,5,0
2017,0,6,0
2017,1,6,1
2017,0,7,0
2017,0,8,1
2017,0,9,0
2017,0,10,1
2017,0,11,1
2017,0,12,1
2018,0,1,0
2018,0,2,1
2018,0,3,0
2018,0,4,1
2018,0,5,0
2018,0,6,0
2018,0,7,1
2018,0,8,0
2018,0,9,1
2018,0,10,0
2018,0,11,1
2018,0,12,1
2019,0,1,1
2019,0,2,0
2019,0,3,1
2019,0,4,0
2019,0,5,1
2019,0,6,0
2019,0,7,0
2019,0,8,1
2019,0,9,0
2019,0,10,0
2019,0,11,1
2019,0,12,1
2020,0,1,0
2020,0,2,1
2020,0,3,1
2020,0,4,1
2020,1,4,0
2020,0,5,1
2020,0,6,0
2020,0,7,0
2020,0,8,1
2020,0,9,0
2020,0,10,1
2020,0,11,0
2020,0,12,1
2021,0,1,0
2021,0,2,1
2021,0,3,1
2021,0,4,0
2021,0,5,1
2021,0,6,0
2021,0,7,1
2021,0,8,0
2021,0,9,1
2021,0,10,0
2021,0,11,1
2021,0,12,0
2022,0,1,1
2022,0,2,0
2022,0,3,1
2022,0,4,0
2022,0,5,1
2022,0,6,1
2022,0,7,0
2022,0,8,1
2022,0,9,0
2022,0,10,1
2022,0,11,0
2022,0,12,1
2023,0,1,0
2023,0,2,1
2023,1,2,0
2023,0,3,0
2023,0,4,1
2023,0,5,1
2023,0,6,0
2023,0,7,1
2023,0,8,1
2023,0,9,0
2023,0,10,1
2023,0,11,0
2023,0,12,1
2024,0,1,0
2024,0,2,1
2024,0,3,0
2024,0,4,0
2024,0,5,1
2024,0,6,0
2024,0,7,1
2024,0,8,1
2024,0,9,0
2024,0,10,1
2024,0,11,1
2024,0,12,0
2025,0,1,1
2025,0,2,0
2025,0,3,1
2025,0,4,0
2025,0,5,0
2025,0,6,1
2025,1,6,0
2025,0,7,1
2025,0,8,0
2025,0,9,1
2025,0,10,1
2025,0,11,1
2025,0,12,0
2026,0,1,1
2026,0,2,0
2026,0,3,1
2026,0,4,0
2026,0,5,0
2026,0,6,1
2026,0,7,0
2026,0,8,0
2026,0,9,1
2026,0,10,1
2026,0,11,1
2026,0,12,0
2027,0,1,1
2027,0,2,1
2027,0,3,0
2027,0,4,1
2027,0,5,0
2027,0,6,0
2027,0,7,1
2027,0,8,0
2027,0,9,0
2027,0,10,1
2027,0,11,1
2027,0,12,0
2028,0,1,1
2028,0,2,1
2028,0,3,1
2028,0,4,0
2028,0,5,1
2028,1,5,0
2028,0,6,0
2028,0,7,1
2028,0,8,0
2028,0,9,0
2028,0,10,1
2028,0,11,1
2028,0,12,0
2029,0,1,1
2029,0,2,1
2029,0,3,0
2029,0,4,1
2029,0,5,0
2029,0,6,1
2029,0,7,0
2029,0,8,1
2029,0,9,0
2029,0,10,0
2029,0,11,1
2029,0,12,1
2030,0,1,0
2030,0,2,1
2030,0,3,0
2030,0,4,1
2030,0,5,1
2030,0,6,0
2030,0,7,1
2030,0,8,0
2030,0,9,1
2030,0,10,0
2030,0,11,1
2030,0,12,0
